>MA0036.2	GATA2	max_score:11.8673372523	score_cutoff:0.706567246491
0.358219178082	0.256849315068	0.35502283105	0.2399543379	0.00730593607306	0.00205479452055	0.001	0.0116205479452	0.997	0.001	0.001	0.279121004566	0.0237442922374	0.286757990868
0.129452054795	0.175342465753	0.166438356164	0.119863013699	0.241324200913	0.688356164384	0.0437479452055	0.001	0.001	0.001	0.997	0.001	0.40296803653	0.270547945205
0.172146118721	0.390182648402	0.278538812785	0.0974885844749	0.174657534247	0.208675799087	0.001	0.001	0.001	0.001	0.001	0.001	0.449086757991	0.0511415525114
0.340182648402	0.177625570776	0.2	0.542694063927	0.576712328767	0.100913242009	0.954252054795	0.986379452055	0.001	0.997	0.001	0.718878995434	0.124200913242	0.391552511416
>MA0599.1	KLF5	max_score:12.7441695085	score_cutoff:0.865938690724
0.104988612152	0.001	0.001	0.255199691426	0.001	0.370725810007	0.001	0.001	0.001	0.287347366101
0.148629784733	0.872544265667	0.880463154801	0.702331276174	0.997	0.001	0.997	0.997	0.963098229373	0.410653515539
0.556314745426	0.001	0.001	0.001	0.001	0.380340753802	0.001	0.001	0.001	0.001
0.190066857689	0.125455734333	0.117536845199	0.0414690324003	0.001	0.247933436191	0.001	0.001	0.0349017706267	0.30099911836
>MA0037.2	GATA3	max_score:9.64418393139	score_cutoff:0.895897957793
0.997	0.001	0.997	0.001	0.997	0.997	0.278180639585	0.603544511668
0.001	0.001	0.001	0.001	0.001	0.001	0.001	0.153692307692
0.001	0.997	0.001	0.001	0.001	0.001	0.719819360415	0.24176318064
0.001	0.001	0.001	0.997	0.001	0.001	0.001	0.001
>MA0039.2	Klf4	max_score:12.1017154322	score_cutoff:0.862111924329
0.338560885609	0.0202764976959	0.00322283609576	0.00322061191626	0.0636928029432	0.00506445672192	0.00967073451531	0.0608715702098	0.0283999076426	0.0587419056429
0.0186808118081	0.00207373271889	0.0029926335175	0.00828157349896	0.441940676017	0.00345303867403	0.0184204466958	0.0106064099608	0.0300161625491	0.660962072155
0.235701107011	0.976267281106	0.990791896869	0.984817115252	0.00252931708439	0.983655616943	0.501726916878	0.899700253632	0.874855691526	0.0647548566142
0.407057195572	0.00138248847926	0.0029926335175	0.00368069933287	0.491837203955	0.00782688766114	0.470181901911	0.0288217661978	0.0667282382822	0.215541165587
>MA0162.2	EGR1	max_score:17.0757906618	score_cutoff:0.64603996246
0.089588772846	0.122878590078	0.0946475195822	0.108817313969	0.0189920855091	0.237278802219	0.001	0.001	0.001	0.297678524804	0.001	0.193018276762	0.001	0.246899477807
0.467362924282	0.558665143603	0.493554177546	0.850242248695	0.943409432115	0.001	0.997	0.965102480418	0.827663674935	0.681514278721	0.973245430809	0.001	0.80280279047	0.456511096606
0.251550261097	0.110884464752	0.183583550914	0.001	0.001	0.557535900783	0.001	0.001	0.0498032800261	0.001	0.001	0.537891726501	0.11574575718	0.156086814621
0.191498041775	0.207571801567	0.228214751958	0.0399404373368	0.036598482376	0.204185296997	0.001	0.0328975195822	0.121533045039	0.0198071964752	0.0247545691906	0.268089996736	0.0804514523499	0.140502610966
>MA0030.1	FOXF2	max_score:12.7274064907	score_cutoff:0.605115061283
0.037037037037	0.37037037037	0.62962962963	0.464285714286	0.136227272727	0.258740740741	0.001	0.997	0.997	0.997	0.001	0.997	0.592592592593	0.259259259259
0.37037037037	0.259259259259	0.148148148148	0.178571428571	0.4995	0.001	0.001	0.001	0.001	0.001	0.924074074074	0.001	0.148148148148	0.148148148148
0.259259259259	0.185185185185	0.0740740740741	0.178571428571	0.363272727273	0.739259259259	0.001	0.001	0.001	0.001	0.001	0.001	0.0740740740741	0.222222222222
0.333333333333	0.185185185185	0.148148148148	0.178571428571	0.001	0.001	0.997	0.001	0.001	0.001	0.0739259259259	0.001	0.185185185185	0.37037037037
>MA0528.1	ZNF263	max_score:21.6533961676	score_cutoff:0.704147786011
0.155300295372	0.301070429931	0.729037216935	0.0297044305875	0.066360354447	0.913619954053	0.102986544142	0.101870692484	0.532523793896	0.33685592386	0.203216278307	0.433081719724	0.274040039383	0.269510994421	0.521365277322	0.250935346242	0.205373679029	0.544581227437	0.343025927141	0.266951099442	0.47679684936
0.0192320315064	0.001	0.001	0.001	0.114079422383	0.0361667213653	0.0553987528717	0.0936659008861	0.0635379061372	0.101279947489	0.0701673777486	0.0387266163439	0.0406957663275	0.106202822448	0.062356416147	6.56383327863e-05	0.001	0.001	0.0143747948802	0.0426649163111	0.0595339678372
0.727141450607	0.696929570069	0.183734689859	0.906149064654	0.816803413193	0.00282244830981	0.738562520512	0.751624548736	0.361864128651	0.462225139481	0.621660649819	0.441745979652	0.584378076797	0.593501805054	0.313751230719	0.634000656383	0.750413915327	0.38635431572	0.585690843453	0.644502789629	0.403085001641
0.0983262225139	0.001	0.0862280932064	0.0631465047588	0.00275680997703	0.0473908762717	0.103052182475	0.052838857893	0.042074171316	0.0996389891697	0.104955694125	0.0864456842796	0.100886117493	0.0307843780768	0.102527075812	0.114998359042	0.0432124056449	0.0680644568428	0.0569084345258	0.0458811946177	0.0605841811618
