>MA0008.1	HAT5	max_score:8.46181645378	score_cutoff:0.122291329948
0.12	0.83916	0.997	0.001	0.001	0.95808	0.03992	0.001
0.52	0.03996	0.001	0.001	0.1996	0.001	0.001	0.001
0.16	0.001	0.001	0.001	0.001	0.03992	0.001	0.07984
0.2	0.11988	0.001	0.997	0.7984	0.001	0.95808	0.91816
>MA0020.1	Dof2	max_score:6.46908502168	score_cutoff:0.631049557642
0.997	0.997	0.997	0.001	0.142857142857	0.333333333333
0.001	0.001	0.001	0.001	0.666666666667	0.285714285714
0.001	0.001	0.001	0.997	0.0952380952381	0.142857142857
0.001	0.001	0.001	0.001	0.0952380952381	0.238095238095
>MA0021.1	Dof3	max_score:6.95712049769	score_cutoff:0.0313462875566
0.997	0.997	0.997	0.001	0.001	0.285428571429
0.001	0.001	0.001	0.001	0.475714285714	0.285428571429
0.001	0.001	0.001	0.997	0.142714285714	0.428142857143
0.001	0.001	0.001	0.001	0.380571428571	0.001
>MA0034.1	Gamyb	max_score:10.9383581236	score_cutoff:0.21716956993
0.16	0.4	0.11988	0.91908	0.997	0.03992	0.12	0.23952	0.3996	0.1998
0.24	0.2	0.51948	0.03996	0.001	0.95808	0.56	0.001	0.43956	0.75924
0.44	0.28	0.001	0.03996	0.001	0.001	0.24	0.75848	0.001	0.03996
0.16	0.12	0.35964	0.001	0.001	0.001	0.08	0.001	0.15984	0.001
>MA0044.1	HMG-1	max_score:8.61060129699	score_cutoff:0.404850445921
0.001	0.001	0.001	0.001	0.001	0.461538461538	0.230538461538	0.001	0.001
0.383846153846	0.001	0.307076923077	0.153692307692	0.0767692307692	0.0769230769231	0.384230769231	0.0768461538462	0.614769230769
0.614153846154	0.230307692308	0.001	0.768461538462	0.001	0.230769230769	0.001	0.153692307692	0.0768461538462
0.001	0.767692307692	0.690923076923	0.0768461538462	0.921230769231	0.230769230769	0.384230769231	0.768461538462	0.307384615385
>MA0045.1	HMG-I_Y	max_score:12.1641264799	score_cutoff:0.316973213772
0.214285714286	0.4995	0.642857142857	0.214285714286	0.784142857143	0.784928571429	0.784928571429	0.214285714286	0.285714285714	0.214285714286	0.570857142857	0.571428571429	0.642214285714	0.641571428571	0.784142857143	0.142714285714
0.357142857143	0.001	0.0714285714286	0.428571428571	0.001	0.001	0.001	0.214285714286	0.0714285714286	0.285714285714	0.356785714286	0.0714285714286	0.001	0.356428571429	0.001	0.4995
0.285714285714	0.214071428571	0.0714285714286	0.285714285714	0.213857142857	0.142714285714	0.142714285714	0.142857142857	0.571428571429	0.428571428571	0.0713571428571	0.285714285714	0.142714285714	0.001	0.213857142857	0.001
0.142857142857	0.285428571429	0.214285714286	0.0714285714286	0.001	0.0713571428571	0.0713571428571	0.428571428571	0.0714285714286	0.0714285714286	0.001	0.0714285714286	0.214071428571	0.001	0.001	0.356785714286
>MA0053.1	MNB1A	max_score:6.32204246012	score_cutoff:0.735396359119
0.997	0.997	0.997	0.001	0.1998
0.001	0.001	0.001	0.001	0.5994
0.001	0.001	0.001	0.997	0.001
0.001	0.001	0.001	0.001	0.1998
>MA0054.1	myb.Ph3	max_score:8.76367062434	score_cutoff:0.301180530192
0.271428571429	0.914285714286	0.8991	0.0571428571429	0.142857142857	0.142857142857	0.185528571429	0.0428571428571	0.3996
0.0428571428571	0.0142857142857	0.001	0.885714285714	0.385714285714	0.0285714285714	0.114171428571	0.242857142857	0.0142714285714
0.0285714285714	0.0285714285714	0.0285428571429	0.0428571428571	0.228571428571	0.757142857143	0.001	0.0142857142857	0.001
0.657142857143	0.0428571428571	0.0713571428571	0.0142857142857	0.242857142857	0.0714285714286	0.6993	0.7	0.585128571429
>MA0064.1	PBF	max_score:6.25850443931	score_cutoff:0.55776819518
0.997	0.997	0.997	0.001	0.0625
0.001	0.001	0.001	0.001	0.5625
0.001	0.001	0.001	0.997	0.0625
0.001	0.001	0.001	0.001	0.3125
>MA0082.1	squamosa	max_score:11.7388508564	score_cutoff:0.147007578058
0.366666666667	0.001	0.7992	0.533333333333	0.765133333333	0.565533333333	0.7992	0.2664	0.4662	0.0333	0.466666666667	0.831666666667	0.7	0.233333333333
0.466666666667	0.731866666667	0.001	0.0666666666667	0.001	0.001	0.0333	0.001	0.0333	0.0333	0.166666666667	0.166333333333	0.0666666666667	0.166666666667
0.0333333333333	0.001	0.1332	0.0333333333333	0.001	0.001	0.001	0.0333	0.4995	0.9324	0.0333333333333	0.001	0.1	0.266666666667
0.133333333333	0.266133333333	0.0666	0.366666666667	0.232866666667	0.432466666667	0.1665	0.6993	0.001	0.001	0.333333333333	0.001	0.133333333333	0.333333333333
>MA0096.1	bZIP910	max_score:8.83569773329	score_cutoff:-0.497955785904
0.428142857143	0.001	0.001	0.997	0.001	0.001	0.001
0.428142857143	0.001	0.001	0.001	0.997	0.001	0.001
0.142714285714	0.001	0.997	0.001	0.001	0.997	0.001
0.001	0.997	0.001	0.001	0.001	0.001	0.997
>MA0097.1	bZIP911	max_score:16.552889152	score_cutoff:-0.626792716146
0.0302727272727	0.514121212121	0.001	0.001	0.997	0.001	0.001	0.001	0.001	0.0302727272727	0.333333333333	0.0302424242424
0.001	0.001	0.001	0.001	0.001	0.997	0.001	0.001	0.0302424242424	0.001	0.606060606061	0.967757575758
0.938454545455	0.483878787879	0.001	0.997	0.001	0.001	0.997	0.001	0.967757575758	0.666	0.030303030303	0.001
0.0302727272727	0.001	0.997	0.001	0.001	0.001	0.001	0.997	0.001	0.302727272727	0.030303030303	0.001
>MA0120.1	id1	max_score:9.27008882859	score_cutoff:0.42417422631
0.0416666666667	0.125	0.0416666666667	0.001	0.001	0.0833333333333	0.125	0.0416666666667	0.333333333333	0.001	0.001	0.08325
0.0416666666667	0.125	0.0833333333333	0.374625	0.541125	0.458333333333	0.333333333333	0.0416666666667	0.208333333333	0.24975	0.706916666667	0.001
0.0833333333333	0.166666666667	0.375	0.124875	0.1665	0.166666666667	0.0833333333333	0.0416666666667	0.0416666666667	0.291375	0.001	0.74925
0.833333333333	0.583333333333	0.5	0.4995	0.291375	0.291666666667	0.458333333333	0.875	0.416666666667	0.457875	0.291083333333	0.1665
>MA0121.1	ARR10	max_score:8.86456850674	score_cutoff:0.097151423383
0.931466666667	0.001	0.931466666667	0.001	0.2664	0.0666	0.001	0.2
0.0665333333333	0.001	0.001	0.001	0.3996	0.5328	0.001	0.4
0.001	0.997	0.0665333333333	0.001	0.001	0.001	0.5988	0.266666666667
0.001	0.001	0.001	0.997	0.333	0.3996	0.3992	0.133333333333
>MA0123.1	abi4	max_score:12.581221893	score_cutoff:0.0
0.001	0.244408163265	0.001	0.001	0.020387755102	0.001	0.102040816327	0.0612244897959	0.0612244897959	0.0816326530612
0.997	0.001	0.407346938776	0.468918367347	0.0611632653061	0.916530612245	0.571428571429	0.510204081633	0.632653061224	0.530612244898
0.001	0.753591836735	0.590653061224	0.020387755102	0.917448979592	0.0814693877551	0.122448979592	0.224489795918	0.102040816327	0.142857142857
0.001	0.001	0.001	0.509693877551	0.001	0.001	0.204081632653	0.204081632653	0.204081632653	0.244897959184
>MA0127.1	PEND	max_score:9.56557000999	score_cutoff:0.331121507532
0.714285714286	0.142857142857	0.0237857142857	0.0951428571429	0.0714285714286	0.001	0.0475714285714	0.761904761905	0.0951428571429	0.047619047619
0.047619047619	0.452380952381	0.001	0.001	0.785714285714	0.0475714285714	0.001	0.166666666667	0.0713571428571	0.119047619048
0.190476190476	0.166666666667	0.0475714285714	0.0951428571429	0.047619047619	0.0475714285714	0.0237857142857	0.047619047619	0.001	0.333333333333
0.047619047619	0.238095238095	0.927642857143	0.808714285714	0.0952380952381	0.903857142857	0.927642857143	0.0238095238095	0.8325	0.5
>MA0128.1	EmBP-1	max_score:10.745643495	score_cutoff:-0.176227945708
0.690923076923	0.0769230769231	0.997	0.001	0.001	0.001	0.001	0.001
0.001	0.538461538462	0.001	0.921230769231	0.001	0.001	0.0767692307692	0.0767692307692
0.001	0.307692307692	0.001	0.001	0.997	0.001	0.921230769231	0.921230769231
0.307076923077	0.0769230769231	0.001	0.0767692307692	0.001	0.997	0.001	0.001
>MA0129.1	TGA1A	max_score:8.35961168322	score_cutoff:0.241849277304
0.2664	0.8658	0.001	0.133066666667	0.0665333333333	0.001	0.8658
0.2664	0.001	0.931466666667	0.001	0.001	0.997	0.001
0.001	0.0666	0.001	0.864933333333	0.001	0.001	0.0666
0.4662	0.0666	0.0665333333333	0.001	0.931466666667	0.001	0.0666
>MA0548.1	AGL15	max_score:13.9654645668	score_cutoff:0.14686940026
0.06	0.0266666666667	0.11988	0.001	0.0266666666667	0.42	0.1	0.22	0.01996	0.1	0.0933333333333	0.11988	0.01332	0.36	0.533333333333
0.0333333333333	0.0666666666667	0.001	0.95904	0.66	0.133333333333	0.153333333333	0.0266666666667	0.001	0.06	0.0933333333333	0.001	0.001	0.2	0.0666666666667
0.02	0.04	0.07326	0.01332	0.00666666666667	0.12	0.106666666667	0.02	0.001	0.0533333333333	0.18	0.82584	0.7326	0.2	0.0733333333333
0.886666666667	0.866666666667	0.80586	0.02664	0.306666666667	0.326666666667	0.64	0.733333333333	0.97804	0.786666666667	0.633333333333	0.05328	0.25308	0.24	0.326666666667
>MA0549.1	BES1	max_score:12.2976734025	score_cutoff:-0.278212582752
0.232323232323	0.413727272727	0.001	0.898090909091	0.001	0.001	0.001	0.0302424242424	0.161616161616	0.171717171717	0.363636363636
0.454545454545	0.0807272727273	0.997	0.001	0.997	0.001	0.001	0.001	0.0505050505051	0.333333333333	0.292929292929
0.10101010101	0.504545454545	0.001	0.0403636363636	0.001	0.997	0.001	0.967757575758	0.363636363636	0.464646464646	0.333333333333
0.212121212121	0.001	0.001	0.0605454545455	0.001	0.001	0.997	0.001	0.424242424242	0.030303030303	0.010101010101
>MA0550.1	BZR1	max_score:13.1786714172	score_cutoff:-0.186395018797
0.411352941176	0.359477124183	0.196078431373	0.320261437908	0.001	0.959823529412	0.039137254902	0.001	0.001	0.0391764705882	0.274235294118	0.267973856209	0.274509803922	0.528882352941
0.391764705882	0.307189542484	0.130718954248	0.43137254902	0.997	0.0130588235294	0.958862745098	0.001	0.001	0.0326470588235	0.001	0.346405228758	0.398692810458	0.254647058824
0.195882352941	0.176470588235	0.339869281046	0.169934640523	0.001	0.001	0.001	0.997	0.001	0.927176470588	0.254647058824	0.281045751634	0.143790849673	0.001
0.001	0.156862745098	0.333333333333	0.078431372549	0.001	0.0261176470588	0.001	0.001	0.997	0.001	0.470117647059	0.104575163399	0.183006535948	0.215470588235
>MA0551.1	HY5	max_score:15.5314835738	score_cutoff:-0.35985908939
0.321875	0.3375	0.1625	0.028125	0.46875	0.001	0.96778125	0.009375	0.003125	0.001	0.00624375	0.0125	0.075	0.571875	0.29375	0.278125
0.1875	0.175	0.171875	0.025	0.515625	0.989634375	0.003121875	0.971875	0.015625	0.028096875	0.003121875	0.003125	0.871875	0.09375	0.19375	0.2125
0.2125	0.19375	0.09375	0.871875	0.003125	0.003121875	0.028096875	0.015625	0.971875	0.003121875	0.989634375	0.515625	0.025	0.171875	0.175	0.1875
0.278125	0.29375	0.571875	0.075	0.0125	0.00624375	0.001	0.003125	0.009375	0.96778125	0.001	0.46875	0.028125	0.1625	0.3375	0.321875
>MA0552.1	PIL5	max_score:13.1845647913	score_cutoff:-0.217291097185
0.324561403509	0.219078947368	0.30701754386	0.464912280702	0.236842105263	0.0789473684211	0.333333333333	0.001	0.997	0.001	0.001	0.001	0.001	0.19298245614
0.105263157895	0.001	0.245614035088	0.0701754385965	0.236842105263	0.149122807018	0.122807017544	0.901701754386	0.001	0.989245614035	0.001	0.0175087719298	0.001	0.201754385965
0.324561403509	0.464447368421	0.254385964912	0.350877192982	0.280701754386	0.640350877193	0.122807017544	0.096298245614	0.001	0.00875438596491	0.997	0.001	0.997	0.447368421053
0.245614035088	0.315473684211	0.19298245614	0.114035087719	0.245614035088	0.131578947368	0.421052631579	0.001	0.001	0.001	0.001	0.98049122807	0.001	0.157894736842
>MA0553.1	SMZ	max_score:11.1494154622	score_cutoff:-0.372952381658
0.001	0.001	0.001	0.001	0.001	0.001	0.916530612245	0.001
0.712857142857	0.807904761905	0.001	0.997	0.001	0.001	0.0814693877551	0.997
0.001	0.190095238095	0.001	0.001	0.997	0.169727891156	0.001	0.001
0.285142857143	0.001	0.997	0.001	0.001	0.828272108844	0.001	0.001
>MA0554.1	SOC1	max_score:13.7840565761	score_cutoff:0.289546648113
0.001	0.001	0.0409019851117	0.001	0.172456575682	0.0967741935484	0.001	0.0967741935484	0.0793250620347	0.001	0.0732009925558	0.001	0.001	0.001	0.0607332506203	0.145016129032	0.001	0.0409429280397	0.0173523573201	0.0980148883375	0.156327543424
0.259045905707	0.260285359801	0.208228287841	0.404062034739	0.155086848635	0.276674937965	0.255327543424	0.18982630273	0.001	0.325976426799	0.111662531017	0.319779156328	0.223101736973	0.425132754342	0.001	0.354483870968	0.14982382134	0.258064516129	0.235496277916	0.29776674938	0.168734491315
0.142537220844	0.16732630273	0.001	0.0545359801489	0.147642679901	0.117866004963	0.0285074441687	0.152605459057	0.00743672456576	0.122705955335	0.0707196029777	0.166086848635	0.0123945409429	0.0966774193548	0.142537220844	0.001	0.001	0.0794044665012	0.001	0.12158808933	0.182382133995
0.597416873449	0.571388337469	0.749869727047	0.540401985112	0.524813895782	0.508684863524	0.715165012407	0.560794044665	0.9122382134	0.550317617866	0.744416873449	0.513133995037	0.763503722084	0.477189826303	0.795729528536	0.4995	0.84817617866	0.62158808933	0.746151364764	0.482630272953	0.492555831266
>MA0555.1	SVP	max_score:16.6579292489	score_cutoff:0.0
0.304347826087	0.304347826087	0.304347826087	0.358695652174	0.0759347826087	0.0326086956522	0.630434782609	0.728260869565	0.932913043478	0.836956521739	0.847826086957	0.369565217391	0.173739130435	0.001	0.770967391304	0.913043478261	0.836956521739	0.369565217391	0.54347826087	0.413043478261
0.260869565217	0.119565217391	0.0108695652174	0.173913043478	0.922065217391	0.858695652174	0.173913043478	0.054347826087	0.001	0.0108695652174	0.0869565217391	0.108695652174	0.001	0.001	0.108586956522	0.0217391304348	0.0760869565217	0.0869565217391	0.173913043478	0.228260869565
0.228260869565	0.0869565217391	0.108695652174	0.119565217391	0.001	0.0108695652174	0.0760869565217	0.0869565217391	0.001	0.0217391304348	0.0326086956522	0.152173913043	0.803543478261	0.997	0.001	0.0217391304348	0.0217391304348	0.423913043478	0.054347826087	0.0326086956522
0.20652173913	0.489130434783	0.576086956522	0.347826086957	0.001	0.0978260869565	0.119565217391	0.130434782609	0.0650869565217	0.130434782609	0.0326086956522	0.369565217391	0.0217173913043	0.001	0.119445652174	0.0434782608696	0.0652173913043	0.119565217391	0.228260869565	0.326086956522
>MA0556.1	AP3	max_score:14.0169682407	score_cutoff:0.0603294431759
0.316151202749	0.288659793814	0.164783505155	0.001	0.635738831615	0.745704467354	0.970563573883	0.823917525773	0.536082474227	0.326134020619	0.336432989691	0.0240068728522	0.628865979381	0.79381443299	0.835051546392
0.123711340206	0.113402061856	0.827350515464	0.796453608247	0.209621993127	0.0756013745704	0.001	0.00343298969072	0.0343642611684	0.001	0.00686597938144	0.001	0.192439862543	0.0618556701031	0.0309278350515
0.0687285223368	0.134020618557	0.001	0.00343298969072	0.0378006872852	0.0378006872852	0.001	0.001	0.357388316151	0.102989690722	0.655701030928	0.973993127148	0.0171821305842	0.0309278350515	0.0652920962199
0.491408934708	0.463917525773	0.00686597938144	0.199113402062	0.116838487973	0.14089347079	0.0274364261168	0.171649484536	0.0721649484536	0.56987628866	0.001	0.001	0.161512027491	0.113402061856	0.0687285223368
>MA0557.1	FHY3	max_score:12.9311825908	score_cutoff:-0.0263646145849
0.195744680851	0.31914893617	0.0382978723404	0.96170212766	0.00851063829787	0.0127659574468	0.001	0.0170042553191	0.0765957446809	0.068085106383	0.268085106383	0.348936170213
0.344680851064	0.246808510638	0.893617021277	0.0127659574468	0.978723404255	0.068085106383	0.93429787234	0.001	0.885106382979	0.170212765957	0.289361702128	0.187234042553
0.170212765957	0.106382978723	0.0382978723404	0.00851063829787	0.00425531914894	0.906382978723	0.001	0.969242553191	0.0255319148936	0.0723404255319	0.170212765957	0.212765957447
0.289361702128	0.327659574468	0.0297872340426	0.0170212765957	0.00851063829787	0.0127659574468	0.0637021276596	0.0127531914894	0.0127659574468	0.689361702128	0.272340425532	0.251063829787
>MA0558.1	FLC	max_score:15.4130526612	score_cutoff:0.0525743911211
0.44	0.327272727273	0.345454545455	0.298181818182	0.283636363636	0.196363636364	0.0327272727273	0.490909090909	0.72	0.948141818182	0.847272727273	0.701818181818	0.283636363636	0.511701818182	0.001	0.789090909091	0.973570909091	0.934545454545	0.225454545455	0.396363636364	0.374545454545
0.16	0.221818181818	0.134545454545	0.0945454545455	0.0909090909091	0.701818181818	0.672727272727	0.254545454545	0.0363636363636	0.001	0.0109090909091	0.0109090909091	0.04	0.001	0.001	0.0763636363636	0.0108981818182	0.00363636363636	0.156363636364	0.170909090909	0.181818181818
0.163636363636	0.229090909091	0.0763636363636	0.130909090909	0.24	0.0436363636364	0.0145454545455	0.134545454545	0.138181818182	0.0108981818182	0.0109090909091	0.0654545454545	0.0545454545455	0.486298181818	0.997	0.0218181818182	0.0145309090909	0.0545454545455	0.538181818182	0.0618181818182	0.105454545455
0.236363636364	0.221818181818	0.443636363636	0.476363636364	0.385454545455	0.0581818181818	0.28	0.12	0.105454545455	0.03996	0.130909090909	0.221818181818	0.621818181818	0.001	0.001	0.112727272727	0.001	0.00727272727273	0.08	0.370909090909	0.338181818182
>MA0559.1	PI	max_score:13.5126718291	score_cutoff:0.186532812393
0.279569892473	0.102150537634	0.639784946237	0.802867383513	0.987455197133	0.891580645161	0.539426523297	0.559139784946	0.413150537634	0.0125322580645	0.799283154122	0.887096774194	0.817204301075	0.458781362007
0.600358422939	0.706093189964	0.141577060932	0.0215053763441	0.00179211469534	0.001	0.0143369175627	0.0250896057348	0.001	0.0107419354839	0.0967741935484	0.0125448028674	0.0465949820789	0.10394265233
0.0860215053763	0.078853046595	0.120071684588	0.148745519713	0.00716845878136	0.0214838709677	0.437275985663	0.123655913978	0.584849462366	0.975725806452	0.0125448028674	0.0430107526882	0.10752688172	0.356630824373
0.0340501792115	0.112903225806	0.0985663082437	0.0268817204301	0.00358422939068	0.085935483871	0.0089605734767	0.292114695341	0.001	0.001	0.0913978494624	0.0573476702509	0.0286738351254	0.0806451612903
>MA0560.1	PIF3	max_score:11.7986302336	score_cutoff:-0.209948956056
0.398481973435	0.110056925996	0.0360531309298	0.001	0.997	0.001	0.001	0.001	0.001	0.491461100569
0.0493358633776	0.248576850095	0.757115749526	0.997	0.001	0.774538899431	0.001	0.001	0.001	0.0626185958254
0.280834914611	0.421252371917	0.178368121442	0.001	0.001	0.001	0.997	0.001	0.997	0.259962049336
0.271347248577	0.220113851992	0.0284629981025	0.001	0.001	0.223461100569	0.001	0.997	0.001	0.185958254269
>MA0561.1	PIF4	max_score:11.2957172969	score_cutoff:-0.332247911633
0.001	0.997	0.001	0.145976119403	0.001	0.001	0.001	0.190853731343
0.997	0.001	0.997	0.001	0.001	0.001	0.295226865672	0.614310447761
0.001	0.001	0.001	0.852023880597	0.001	0.997	0.54572238806	0.193835820896
0.001	0.001	0.001	0.001	0.997	0.001	0.158050746269	0.001
>MA0562.1	PIF5	max_score:10.6946739515	score_cutoff:-0.378816197995
0.001	0.001	0.997	0.001	0.317545454545	0.001	0.001	0.001
0.272181818182	0.997	0.001	0.997	0.001	0.001	0.001	0.331835664336
0.001	0.001	0.001	0.001	0.680454545455	0.001	0.997	0.562374125874
0.725818181818	0.001	0.001	0.001	0.001	0.997	0.001	0.10479020979
>MA0563.1	SEP3	max_score:11.0972272816	score_cutoff:0.221375767737
0.16	0.126666666667	0.00666666666667	0.512306666667	0.08	0.12654	0.001	0.05994	0.0733333333333	0.05994	0.001
0.246666666667	0.74	0.646666666667	0.001	0.186666666667	0.001	0.001	0.001	0.02	0.001	0.04662
0.193333333333	0.0333333333333	0.00666666666667	0.001	0.0333333333333	0.0333	0.001	0.15984	0.146666666667	0.91908	0.75924
0.4	0.1	0.34	0.485693333333	0.7	0.83916	0.997	0.77922	0.76	0.01998	0.19314
>MA0564.1	ABI3	max_score:10.8308720191	score_cutoff:0.148706614175
0.06	0.151515151515	0.03	0.01	0.97	0.01	0.010101010101	0.06	0.5
0.6	0.161616161616	0.07	0.96	0.01	0.01	0.010101010101	0.84	0.15
0.09	0.151515151515	0.85	0.02	0.01	0.01	0.969696969697	0.08	0.13
0.25	0.535353535354	0.05	0.01	0.01	0.97	0.010101010101	0.02	0.22
>MA0565.1	FUS3	max_score:12.2864601006	score_cutoff:-0.0457451628705
0.0792079207921	0.00990099009901	0.00998	0.98802	0.00989108910891	0.001	0.00990099009901	0.29	0.15
0.60396039604	0.019801980198	0.98802	0.001	0.001	0.001	0.960396039604	0.03	0.44
0.039603960396	0.960396039604	0.001	0.001	0.00989108910891	0.98802	0.019801980198	0.59	0.25
0.277227722772	0.00990099009901	0.001	0.00998	0.979217821782	0.00998	0.00990099009901	0.09	0.16
>MA0566.1	MYC2	max_score:10.9575424166	score_cutoff:-0.0334989263748
0.25	0.08982	0.96903	0.001	0.1497	0.00999	0.001	0.05
0.1	0.90818	0.001	0.8483	0.001	0.01998	0.001	0.6
0.6	0.001	0.01998	0.001	0.8483	0.001	0.90818	0.1
0.05	0.001	0.00999	0.1497	0.001	0.96903	0.08982	0.25
>MA0567.1	ERF1	max_score:11.7458174874	score_cutoff:-0.0192610992588
0.42	0.00990099009901	0.001	0.03992	0.01998	0.02	0.00990099009901	0.585858585859
0.54	0.00990099009901	0.97902	0.95808	0.001	0.92	0.970297029703	0.0505050505051
0.03	0.970297029703	0.00999	0.001	0.96903	0.02	0.00990099009901	0.242424242424
0.01	0.00990099009901	0.00999	0.001	0.00999	0.04	0.00990099009901	0.121212121212
>MA0568.1	MYC3	max_score:10.0985976832	score_cutoff:0.0
0.25	0.100808080808	0.96903	0.001	0.15968	0.00999	0.001	0.07
0.28	0.897191919192	0.001	0.83832	0.001	0.01998	0.001	0.4
0.4	0.001	0.01998	0.001	0.83832	0.001	0.897191919192	0.28
0.07	0.001	0.00999	0.15968	0.001	0.96903	0.100808080808	0.25
>MA0569.1	MYC4	max_score:10.5168614655	score_cutoff:-0.165318271745
0.38	0.0499	0.98802	0.001	0.01996	0.001	0.001	0.020202020202
0.18	0.9481	0.001	0.93812	0.001	0.00998	0.001	0.727272727273
0.36	0.001	0.001	0.001	0.97804	0.001	0.97804	0.0808080808081
0.08	0.001	0.00998	0.05988	0.001	0.98802	0.01996	0.171717171717
>MA0570.1	ABF1	max_score:21.3508555241	score_cutoff:-0.433935005661
0.001	0.181818181818	0.431386363636	0.001	0.975318181818	0.001	0.001	0.001	0.001	0.001	0.001	0.386363636364	0.136363636364	0.295454545455	0.454545454545	0.272454545455	0.295454545455	0.227272727273	0.295454545455
0.0908181818182	0.0454545454545	0.363272727273	0.794659090909	0.001	0.997	0.001	0.001	0.001	0.001	0.997	0.318181818182	0.545454545455	0.136363636364	0.25	0.431386363636	0.272727272727	0.136363636364	0.204545454545
0.726545454545	0.636363636364	0.001	0.181636363636	0.0226818181818	0.001	0.997	0.001	0.997	0.861909090909	0.001	0.204545454545	0.204545454545	0.477272727273	0.25	0.295159090909	0.386363636364	0.522727272727	0.454545454545
0.181636363636	0.136363636364	0.204340909091	0.0227045454545	0.001	0.001	0.001	0.997	0.001	0.136090909091	0.001	0.0909090909091	0.113636363636	0.0909090909091	0.0454545454545	0.001	0.0454545454545	0.113636363636	0.0454545454545
>MA0005.2	AG	max_score:13.5704088677	score_cutoff:0.0
0.318181818182	0.136363636364	0.151363636364	0.439393939394	0.001	0.001	0.469696969697	0.711409090909	0.787090909091	0.378409090909	0.257575757576	0.287878787879	0.105954545455	0.0302727272727	0.333333333333	0.681818181818	0.606060606061	0.227272727273
0.30303030303	0.0454545454545	0.001	0.121212121212	0.997	0.982878787879	0.0454545454545	0.0302727272727	0.001	0.001	0.227272727273	0.121212121212	0.001	0.001	0.257575757576	0.0606060606061	0.0909090909091	0.151515151515
0.0909090909091	0.0454545454545	0.0151363636364	0.121212121212	0.001	0.001	0.0909090909091	0.001	0.0151363636364	0.0151363636364	0.166666666667	0.30303030303	0.862772727273	0.817363636364	0.0757575757576	0.0757575757576	0.136363636364	0.242424242424
0.287878787879	0.772727272727	0.8325	0.318181818182	0.001	0.0151212121212	0.393939393939	0.257318181818	0.196772727273	0.605454545455	0.348484848485	0.287878787879	0.0302727272727	0.151363636364	0.333333333333	0.181818181818	0.166666666667	0.378787878788
>MA0571.1	ANT	max_score:21.4873253652	score_cutoff:-0.310613859441
0.176470588235	0.147058823529	0.235058823529	0.001	0.910852941176	0.001	0.616411764706	0.235294117647	0.441176470588	0.001	0.117529411765	0.001	0.001	0.264705882353	0.997	0.205882352941	0.0882352941176	0.0588235294118	0.235294117647	0.352941176471	0.558823529412
0.117647058824	0.205882352941	0.001	0.939294117647	0.001	0.997	0.001	0.176470588235	0.0294117647059	0.0880588235294	0.734558823529	0.997	0.968647058824	0.323529411765	0.001	0.0294117647059	0.0294117647059	0.294117647059	0.176470588235	0.294117647059	0.117647058824
0.352941176471	0.382352941176	0.705176470588	0.001	0.0587647058824	0.001	0.381588235294	0.441176470588	0.0294117647059	0.001	0.001	0.001	0.001	0.382352941176	0.001	0.470588235294	0.852941176471	0.0882352941176	0.411764705882	0.117647058824	0.0882352941176
0.352941176471	0.264705882353	0.0587647058824	0.0587058823529	0.0293823529412	0.001	0.001	0.147058823529	0.5	0.909941176471	0.146911764706	0.001	0.0293529411765	0.0294117647059	0.001	0.294117647059	0.0294117647059	0.558823529412	0.176470588235	0.235294117647	0.235294117647
>MA0572.1	ATHB1	max_score:12.1559030335	score_cutoff:-0.137197825943
0.0526315789474	0.181818181818	0.130434782609	0.91575	0.997	0.001	0.001	0.997	0.001	0.001	0.1873125	0.133333333333
0.263157894737	0.227272727273	0.565217391304	0.041625	0.001	0.001	0.1996	0.001	0.001	0.001	0.0624375	0.533333333333
0.157894736842	0.136363636364	0.173913043478	0.001	0.001	0.001	0.001	0.001	0.001	0.001	0.74925	0.266666666667
0.526315789474	0.454545454545	0.130434782609	0.041625	0.001	0.997	0.7984	0.001	0.997	0.997	0.001	0.0666666666667
>MA0110.2	ATHB5	max_score:13.2648022277	score_cutoff:-0.203593601664
0.001	0.117647058824	0.0555555555556	0.0555555555556	0.001	0.819692307692	0.997	0.001	0.0512820512821	0.997	0.001	0.001	0.001
0.2997	0.264705882353	0.333333333333	0.472222222222	0.819692307692	0.153692307692	0.001	0.001	0.205128205128	0.001	0.001	0.001	0.001
0.3996	0.5	0.222222222222	0.277777777778	0.102461538462	0.001	0.001	0.001	0.179487179487	0.001	0.001	0.001	0.87325
0.2997	0.117647058824	0.388888888889	0.194444444444	0.0768461538462	0.0256153846154	0.001	0.997	0.564102564103	0.001	0.997	0.997	0.12475
>MA0573.1	ATHB9	max_score:17.9350199172	score_cutoff:-0.680348275657
0.444444444444	0.357142857143	0.3125	0.166666666667	0.001	0.001	0.959615384615	0.997	0.001	0.001	0.997	0.001	0.001	0.652538461538	0.001	0.294117647059	0.1665	0.001	0.001
0.222222222222	0.214285714286	0.25	0.444444444444	0.0383846153846	0.230307692308	0.001	0.001	0.001	0.001	0.001	0.001	0.001	0.001	0.959615384615	0.0588235294118	0.4995	0.2997	0.62375
0.111111111111	0.214285714286	0.125	0.111111111111	0.959615384615	0.001	0.0383846153846	0.001	0.001	0.997	0.001	0.001	0.115153846154	0.345461538462	0.0383846153846	0.235294117647	0.001	0.3996	0.37425
0.222222222222	0.214285714286	0.3125	0.277777777778	0.001	0.767692307692	0.001	0.001	0.997	0.001	0.001	0.997	0.882846153846	0.001	0.001	0.411764705882	0.333	0.2997	0.001
>MA0574.1	AtMYB15	max_score:17.5583366899	score_cutoff:-0.427447041272
0.04	0.27	0.63936	0.04	0.001	0.001	0.001	0.86913	0.001	0.001	0.001	0.17982	0.03996
0.73	0.18	0.17982	0.64	0.001	0.001	0.001	0.03996	0.001	0.001	0.001	0.001	0.001
0.09	0.51	0.17982	0.18	0.997	0.997	0.001	0.001	0.997	0.997	0.001	0.77922	0.86913
0.14	0.04	0.001	0.14	0.001	0.001	0.997	0.08991	0.001	0.001	0.997	0.03996	0.08991
>MA0575.1	AtMYB77	max_score:11.9275864013	score_cutoff:-0.120332322341
0.33	0.57	0.27	0.06	0.09	0.68	0.001	0.499	0.001	0.001	0.001	0.68	0.03
0.3	0.17	0.09	0.3	0.06	0.03	0.997	0.001	0.001	0.001	0.001	0.03	0.55
0.2	0.17	0.37	0.2	0.82	0.23	0.001	0.499	0.997	0.001	0.001	0.26	0.3
0.17	0.09	0.27	0.44	0.03	0.06	0.001	0.001	0.001	0.997	0.997	0.03	0.12
>MA0576.1	AtMYB84	max_score:17.8773549147	score_cutoff:-0.457978548817
0.22	0.001	0.17982	0.14	0.001	0.001	0.001	0.78	0.001	0.001	0.001	0.001	0.04
0.18	0.13972	0.03996	0.09	0.001	0.001	0.001	0.04	0.001	0.001	0.001	0.001	0.32
0.42	0.85828	0.77922	0.55	0.997	0.997	0.001	0.04	0.997	0.997	0.001	0.95808	0.6
0.18	0.001	0.001	0.22	0.001	0.001	0.997	0.14	0.001	0.001	0.997	0.03992	0.04
>MA0577.1	AtSPL3	max_score:11.2329124642	score_cutoff:-0.137331097316
0.382352941176	0.235294117647	0.411352941176	0.294117647059	0.382352941176	0.0588235294118	0.001	0.001	0.997	0.001	0.294117647059	0.382352941176	0.235294117647	0.294117647059	0.352588235294	0.264705882353
0.0882352941176	0.0588235294118	0.001	0.0294117647059	0.441176470588	0.852941176471	0.001	0.001	0.001	0.997	0.205882352941	0.176470588235	0.264705882353	0.235294117647	0.205676470588	0.352941176471
0.264705882353	0.235294117647	0.176294117647	0.382352941176	0.0294117647059	0.0588235294118	0.997	0.001	0.001	0.001	0.205882352941	0.0588235294118	0.117647058824	0.0588235294118	0.001	0.0882352941176
0.264705882353	0.470588235294	0.411352941176	0.294117647059	0.147058823529	0.0294117647059	0.001	0.997	0.001	0.001	0.294117647059	0.382352941176	0.382352941176	0.411764705882	0.440735294118	0.294117647059
>MA0578.1	AtSPL8	max_score:10.2388699586	score_cutoff:-0.0644575677453
0.366666666667	0.3663	0.3	0.333333333333	0.333333333333	0.1	0.001	0.001	0.997	0.001	0.2	0.333	0.166666666667	0.4329	0.333	0.3663
0.0333333333333	0.001	0.133333333333	0.0333333333333	0.2	0.333333333333	0.001	0.001	0.001	0.997	0.4	0.2331	0.266666666667	0.1665	0.0999	0.1998
0.133333333333	0.1998	0.2	0.133333333333	0.133333333333	0.0666666666667	0.997	0.001	0.001	0.001	0.0333333333333	0.001	0.0333333333333	0.001	0.001	0.001
0.466666666667	0.4329	0.366666666667	0.5	0.333333333333	0.5	0.001	0.997	0.001	0.001	0.366666666667	0.4329	0.533333333333	0.3996	0.5661	0.4329
>MA0579.1	CDC5	max_score:13.996420964	score_cutoff:0.0
0.282828282828	0.17	0.001	0.01998	0.0605454545455	0.919191919192	0.0201818181818	0.01998	0.0403636363636	0.02	0.18
0.242424242424	0.26	0.91908	0.01998	0.857727272727	0.020202020202	0.001	0.92907	0.0403636363636	0.55	0.23
0.323232323232	0.55	0.03996	0.001	0.001	0.020202020202	0.938454545455	0.04995	0.918272727273	0.27	0.45
0.151515151515	0.02	0.03996	0.95904	0.0807272727273	0.040404040404	0.0403636363636	0.001	0.001	0.16	0.14
>MA0580.1	DYT1	max_score:17.3144194333	score_cutoff:-0.466922531714
0.363272727273	0.272454545455	0.0909090909091	0.181818181818	0.907272727273	0.272454545455	0.362909090909	0.001	0.997	0.001	0.0907272727273	0.001	0.001	0.997
0.544909090909	0.0908181818182	0.181818181818	0.181818181818	0.0907272727273	0.001	0.001	0.997	0.001	0.997	0.001	0.001	0.001	0.001
0.001	0.635727272727	0.0909090909091	0.545454545455	0.001	0.635727272727	0.001	0.001	0.001	0.001	0.907272727273	0.001	0.997	0.001
0.0908181818182	0.001	0.636363636364	0.0909090909091	0.001	0.0908181818182	0.635090909091	0.001	0.001	0.001	0.001	0.997	0.001	0.001
>MA0581.1	LEC2	max_score:10.5534123283	score_cutoff:-0.0020189252139
0.219712525667	0.197125256674	0.00410266940452	0.997	0.001	0.001	0.001	0.61745174538	0.23613963039	0.4681724846	0.197125256674
0.17659137577	0.334702258727	0.974383983573	0.001	0.001	0.001	0.997	0.0615400410678	0.447638603696	0.17659137577	0.162217659138
0.244353182752	0.338809034908	0.001	0.001	0.001	0.997	0.001	0.320008213552	0.123203285421	0.0903490759754	0.127310061602
0.359342915811	0.129363449692	0.0205133470226	0.001	0.997	0.001	0.001	0.001	0.193018480493	0.264887063655	0.513347022587
>MA0582.1	RAV1	max_score:10.4167695933	score_cutoff:0.136801604414
0.285714285714	0.313725490196	0.122807017544	0.001	0.690485294118	0.897652173913	0.001	0.997	0.130434782609	0.594202898551	0.492753623188	0.391304347826
0.34693877551	0.21568627451	0.245614035088	0.997	0.176294117647	0.0579130434783	0.997	0.001	0.101449275362	0.0579710144928	0.0869565217391	0.130434782609
0.244897959184	0.196078431373	0.614035087719	0.001	0.132220588235	0.0434347826087	0.001	0.001	0.463768115942	0.0579710144928	0.144927536232	0.246376811594
0.122448979592	0.274509803922	0.0175438596491	0.001	0.001	0.001	0.001	0.001	0.304347826087	0.289855072464	0.275362318841	0.231884057971
>MA0583.1	RAV1 (var.2)	max_score:10.9680059351	score_cutoff:0.154779261898
0.354838709677	0.203125	0.123076923077	0.615384615385	0.0153846153846	0.001	0.001	0.001	0.436363636364	0.222222222222	0.230769230769	0.173913043478
0.193548387097	0.234375	0.753846153846	0.0923076923077	0.861538461538	0.997	0.001	0.001	0.127272727273	0.277777777778	0.269230769231	0.434782608696
0.161290322581	0.125	0.0153846153846	0.123076923077	0.0461538461538	0.001	0.001	0.997	0.345454545455	0.333333333333	0.307692307692	0.108695652174
0.290322580645	0.4375	0.107692307692	0.169230769231	0.0769230769231	0.001	0.997	0.001	0.0909090909091	0.166666666667	0.192307692308	0.282608695652
>MA0584.1	SEP1	max_score:13.1107918947	score_cutoff:-0.0907348301849
0.274509803922	0.274509803922	0.21568627451	0.372549019608	0.001	0.001	0.764705882353	0.392156862745	0.724039215686	0.489215686275	0.549019607843	0.078431372549	0.508784313725	0.001	0.450980392157	0.783529411765	0.647058823529	0.117647058824
0.294117647059	0.117647058824	0.078431372549	0.137254901961	0.997	0.900156862745	0.0980392156863	0.0392156862745	0.001	0.001	0.078431372549	0.117647058824	0.001	0.001	0.21568627451	0.0587647058824	0.0980392156863	0.156862745098
0.137254901961	0.196078431373	0.117647058824	0.176470588235	0.001	0.001	0.0196078431373	0.078431372549	0.001	0.001	0.078431372549	0.0588235294118	0.489215686275	0.997	0.0588235294118	0.001	0.0980392156863	0.333333333333
0.294117647059	0.411764705882	0.588235294118	0.313725490196	0.001	0.0978431372549	0.117647058824	0.490196078431	0.273960784314	0.508784313725	0.294117647059	0.745098039216	0.001	0.001	0.274509803922	0.156705882353	0.156862745098	0.392156862745
>MA0001.2	SEP4	max_score:13.1720830156	score_cutoff:0.0190364367331
0.231578947368	0.168421052632	0.263157894737	0.284210526316	0.001	0.001	0.863157894737	0.421052631579	0.588884210526	0.367684210526	0.684210526316	0.263157894737	0.673010526316	0.001	0.347368421053	0.547368421053	0.473684210526	0.221052631579
0.305263157895	0.0947368421053	0.0842105263158	0.168421052632	0.966484210526	0.829915789474	0.0105263157895	0.0421052631579	0.001	0.001	0.0105263157895	0.0421052631579	0.001	0.001	0.147368421053	0.0526315789474	0.242105263158	0.252631578947
0.357894736842	0.305263157895	0.0421052631579	0.136842105263	0.001	0.001	0.0210526315789	0.0315789473684	0.0105157894737	0.001	0.0421052631579	0.0315789473684	0.294442105263	0.966484210526	0.157894736842	0.0736842105263	0.136842105263	0.273684210526
0.105263157895	0.431578947368	0.610526315789	0.410526315789	0.0315157894737	0.168084210526	0.105263157895	0.505263157895	0.3996	0.630315789474	0.263157894737	0.663157894737	0.0315473684211	0.0315157894737	0.347368421053	0.326315789474	0.147368421053	0.252631578947
>MA0585.1	SHP1	max_score:14.0408482943	score_cutoff:0.0689729749286
0.323076923077	0.184615384615	0.0615384615385	0.323076923077	0.001	0.0153692307692	0.461538461538	0.476923076923	0.646153846154	0.4	0.215384615385	0.230769230769	0.107584615385	0.0614769230769	0.4	0.738461538462	0.6	0.276923076923
0.169230769231	0.0923076923077	0.0153846153846	0.0769230769231	0.997	0.968261538462	0.0923076923077	0.0615384615385	0.0153846153846	0.0461538461538	0.215384615385	0.123076923077	0.001	0.001	0.0923076923077	0.153846153846	0.138461538462	0.230769230769
0.230769230769	0.138461538462	0.138461538462	0.338461538462	0.001	0.0153692307692	0.107692307692	0.123076923077	0.0153846153846	0.0307692307692	0.138461538462	0.430769230769	0.860676923077	0.860676923077	0.0769230769231	0.0615384615385	0.123076923077	0.292307692308
0.276923076923	0.584615384615	0.784615384615	0.261538461538	0.001	0.001	0.338461538462	0.338461538462	0.323076923077	0.523076923077	0.430769230769	0.215384615385	0.0307384615385	0.0768461538462	0.430769230769	0.0461538461538	0.138461538462	0.2
>MA0586.1	SPL14	max_score:17.8470307226	score_cutoff:-0.336408632921
0.1	0.2	0.2	0.2	0.15	0.15	0.001	0.001	0.001	0.001	0.997	0.001	0.5988	0.3	0.2	0.4	0.15	0.15	0.25
0.25	0.3	0.25	0.4	0.2	0.05	0.997	0.997	0.001	0.001	0.001	0.997	0.001	0.15	0.15	0.15	0.2	0.3	0.05
0.2	0.2	0.3	0.05	0.45	0.2	0.001	0.001	0.997	0.001	0.001	0.001	0.3992	0.4	0.35	0.25	0.4	0.4	0.55
0.45	0.3	0.25	0.35	0.2	0.6	0.001	0.001	0.001	0.997	0.001	0.001	0.001	0.15	0.3	0.2	0.25	0.15	0.15
>MA0587.1	TCP16	max_score:13.3996009675	score_cutoff:-0.283656202305
0.046828125	0.015609375	0.001	0.001	0.5	0.015625	0.001	0.001	0.28125	0.1875
0.001	0.046828125	0.001	0.001	0.125	0.9375	0.997	0.997	0.15625	0.3125
0.9365625	0.001	0.997	0.997	0.234375	0.03125	0.001	0.001	0.453125	0.40625
0.015609375	0.9365625	0.001	0.001	0.140625	0.015625	0.001	0.001	0.109375	0.09375
>MA0588.1	TGA1	max_score:10.5013247285	score_cutoff:-0.0181433336319
0.0869565217391	0.103448275862	0.34340625	0.001	0.001	0.997	0.001	0.0554444444444	0.0384615384615	0.272727272727	0.457875
0.217391304348	0.275862068966	0.28096875	0.001	0.001	0.001	0.914833333333	0.001	0.115384615385	0.227272727273	0.001
0.260869565217	0.551724137931	0.374625	0.001	0.997	0.001	0.001	0.942555555556	0.0769230769231	0.272727272727	0.24975
0.434782608696	0.0689655172414	0.001	0.997	0.001	0.001	0.0831666666667	0.001	0.769230769231	0.227272727273	0.291375
>MA0589.1	ZAP1	max_score:14.1171036559	score_cutoff:-0.182325122015
0.001	0.001	0.001	0.997	0.001	0.02	0.04	0.64	0.04	0.0408163265306	0.173913043478
0.001	0.001	0.001	0.001	0.997	0.94	0.1	0.22	0.14	0.571428571429	0.434782608696
0.001	0.001	0.997	0.001	0.001	0.02	0.8	0.08	0.74	0.102040816327	0.108695652174
0.997	0.997	0.001	0.001	0.001	0.02	0.06	0.06	0.08	0.285714285714	0.282608695652
>MA0590.1	LFY	max_score:19.9011240481	score_cutoff:-0.260787321335
0.0833333333333	0.707446808511	0.119658119658	0.0353982300885	0.334771276596	0.705882352941	0.0261518324607	0.001	0.248021108179	0.0837320574163	0.0263852242744	0.0502970822281	0.0209214659686	0.15479876161	0.0106276595745	0.637168141593	0.694444444444	0.212765957447	0.518229166667
0.270833333333	0.0345744680851	0.160256410256	0.012389380531	0.001	0.133126934985	0.951926701571	0.947702917772	0.00527704485488	0.416267942584	0.720316622691	0.001	0.001	0.0061919504644	0.65360106383	0.315044247788	0.025641025641	0.0452127659574	0.127604166667
0.127604166667	0.0452127659574	0.025641025641	0.315044247788	0.65360106383	0.0061919504644	0.001	0.001	0.720316622691	0.416267942584	0.00527704485488	0.947702917772	0.951926701571	0.133126934985	0.001	0.012389380531	0.160256410256	0.0345744680851	0.270833333333
0.518229166667	0.212765957447	0.694444444444	0.637168141593	0.0106276595745	0.15479876161	0.0209214659686	0.0502970822281	0.0263852242744	0.0837320574163	0.248021108179	0.001	0.0261518324607	0.705882352941	0.334771276596	0.0353982300885	0.119658119658	0.707446808511	0.0833333333333
